(kicad_pcb (version 20171130) (host pcbnew "(5.0.1-3-g963ef8bb5)")

  (general
    (thickness 1.2)
    (drawings 136)
    (tracks 167)
    (zones 0)
    (modules 23)
    (nets 44)
  )

  (page A4)
  (layers
    (0 F.Cu signal)
    (31 B.Cu signal)
    (32 B.Adhes user)
    (33 F.Adhes user)
    (34 B.Paste user)
    (35 F.Paste user)
    (36 B.SilkS user)
    (37 F.SilkS user)
    (38 B.Mask user)
    (39 F.Mask user)
    (40 Dwgs.User user)
    (41 Cmts.User user)
    (42 Eco1.User user)
    (43 Eco2.User user)
    (44 Edge.Cuts user)
    (45 Margin user)
    (46 B.CrtYd user)
    (47 F.CrtYd user)
    (48 B.Fab user)
    (49 F.Fab user)
  )

  (setup
    (last_trace_width 0.25)
    (user_trace_width 0.5)
    (trace_clearance 0.2)
    (zone_clearance 0.508)
    (zone_45_only no)
    (trace_min 0.2)
    (segment_width 0.12)
    (edge_width 0.1)
    (via_size 0.8)
    (via_drill 0.4)
    (via_min_size 0.4)
    (via_min_drill 0.3)
    (uvia_size 0.3)
    (uvia_drill 0.1)
    (uvias_allowed no)
    (uvia_min_size 0.2)
    (uvia_min_drill 0.1)
    (pcb_text_width 0.3)
    (pcb_text_size 1.5 1.5)
    (mod_edge_width 0.15)
    (mod_text_size 1 1)
    (mod_text_width 0.15)
    (pad_size 4 4)
    (pad_drill 4)
    (pad_to_mask_clearance 0)
    (solder_mask_min_width 0.25)
    (aux_axis_origin 0 0)
    (grid_origin 60.7568 44.577)
    (visible_elements FFFFFF7F)
    (pcbplotparams
      (layerselection 0x010f0_ffffffff)
      (usegerberextensions false)
      (usegerberattributes false)
      (usegerberadvancedattributes false)
      (creategerberjobfile false)
      (excludeedgelayer true)
      (linewidth 0.100000)
      (plotframeref false)
      (viasonmask false)
      (mode 1)
      (useauxorigin false)
      (hpglpennumber 1)
      (hpglpenspeed 20)
      (hpglpendiameter 15.000000)
      (psnegative false)
      (psa4output false)
      (plotreference true)
      (plotvalue true)
      (plotinvisibletext false)
      (padsonsilk false)
      (subtractmaskfromsilk false)
      (outputformat 1)
      (mirror false)
      (drillshape 0)
      (scaleselection 1)
      (outputdirectory ""))
  )

  (net 0 "")
  (net 1 XTAL1)
  (net 2 UVCC)
  (net 3 "Net-(C5-Pad1)")
  (net 4 "Net-(J1-Pad2)")
  (net 5 "Net-(J1-Pad3)")
  (net 6 LED)
  (net 7 RESET)
  (net 8 D+)
  (net 9 D-)
  (net 10 "Net-(R4-Pad2)")
  (net 11 GND)
  (net 12 XTAL2)
  (net 13 "Net-(D1-Pad1)")
  (net 14 "Net-(D2-Pad1)")
  (net 15 "Net-(D3-Pad1)")
  (net 16 "Net-(D4-Pad1)")
  (net 17 "Net-(D5-Pad1)")
  (net 18 "Net-(J1-Pad4)")
  (net 19 "Net-(U1-Pad1)")
  (net 20 "Net-(U1-Pad8)")
  (net 21 "Net-(U1-Pad9)")
  (net 22 "Net-(U1-Pad10)")
  (net 23 "Net-(U1-Pad11)")
  (net 24 "Net-(U1-Pad12)")
  (net 25 SCL)
  (net 26 SDA)
  (net 27 DATA)
  (net 28 "Net-(U1-Pad22)")
  (net 29 COL1)
  (net 30 COL2)
  (net 31 COL3)
  (net 32 COL4)
  (net 33 COL5)
  (net 34 COL6)
  (net 35 COL7)
  (net 36 "Net-(U1-Pad32)")
  (net 37 ROW6)
  (net 38 ROW5)
  (net 39 ROW4)
  (net 40 ROW3)
  (net 41 ROW2)
  (net 42 ROW1)
  (net 43 "Net-(U1-Pad42)")

  (net_class Default "これはデフォルトのネット クラスです。"
    (clearance 0.2)
    (trace_width 0.25)
    (via_dia 0.8)
    (via_drill 0.4)
    (uvia_dia 0.3)
    (uvia_drill 0.1)
    (add_net COL1)
    (add_net COL2)
    (add_net COL3)
    (add_net COL4)
    (add_net COL5)
    (add_net COL6)
    (add_net COL7)
    (add_net D+)
    (add_net D-)
    (add_net DATA)
    (add_net GND)
    (add_net LED)
    (add_net "Net-(C5-Pad1)")
    (add_net "Net-(D1-Pad1)")
    (add_net "Net-(D2-Pad1)")
    (add_net "Net-(D3-Pad1)")
    (add_net "Net-(D4-Pad1)")
    (add_net "Net-(D5-Pad1)")
    (add_net "Net-(J1-Pad2)")
    (add_net "Net-(J1-Pad3)")
    (add_net "Net-(J1-Pad4)")
    (add_net "Net-(R4-Pad2)")
    (add_net "Net-(U1-Pad1)")
    (add_net "Net-(U1-Pad10)")
    (add_net "Net-(U1-Pad11)")
    (add_net "Net-(U1-Pad12)")
    (add_net "Net-(U1-Pad22)")
    (add_net "Net-(U1-Pad32)")
    (add_net "Net-(U1-Pad42)")
    (add_net "Net-(U1-Pad8)")
    (add_net "Net-(U1-Pad9)")
    (add_net RESET)
    (add_net ROW1)
    (add_net ROW2)
    (add_net ROW3)
    (add_net ROW4)
    (add_net ROW5)
    (add_net ROW6)
    (add_net SCL)
    (add_net SDA)
    (add_net UVCC)
    (add_net XTAL1)
    (add_net XTAL2)
  )

  (module local:raryosu_gold_small (layer B.Cu) (tedit 0) (tstamp 5D725A4B)
    (at 110.2568 53.327 180)
    (fp_text reference G*** (at 0 0 180) (layer B.SilkS) hide
      (effects (font (size 1.524 1.524) (thickness 0.3)) (justify mirror))
    )
    (fp_text value LOGO (at 0.75 0 180) (layer B.SilkS) hide
      (effects (font (size 1.524 1.524) (thickness 0.3)) (justify mirror))
    )
    (fp_poly (pts (xy -2.217589 4.608647) (xy -1.973098 4.579676) (xy -1.939636 4.574095) (xy -1.572536 4.494822)
      (xy -1.244172 4.390803) (xy -0.954618 4.26208) (xy -0.703946 4.108692) (xy -0.492229 3.930681)
      (xy -0.319537 3.728087) (xy -0.251205 3.623262) (xy -0.20391 3.546144) (xy -0.164265 3.49655)
      (xy -0.121583 3.470985) (xy -0.065174 3.465954) (xy 0.015648 3.477962) (xy 0.12179 3.501288)
      (xy 0.259604 3.536215) (xy 0.36384 3.573516) (xy 0.44686 3.620275) (xy 0.521026 3.683573)
      (xy 0.598701 3.770495) (xy 0.604996 3.778143) (xy 0.764932 3.948357) (xy 0.952992 4.107249)
      (xy 1.157334 4.246593) (xy 1.366115 4.358163) (xy 1.534539 4.423857) (xy 1.742857 4.470932)
      (xy 1.956118 4.480099) (xy 2.184921 4.451702) (xy 2.213449 4.445887) (xy 2.514015 4.364796)
      (xy 2.802963 4.252776) (xy 3.073954 4.113631) (xy 3.320649 3.95117) (xy 3.536706 3.769198)
      (xy 3.715787 3.571522) (xy 3.753082 3.521436) (xy 3.854216 3.379709) (xy 4.0397 3.35522)
      (xy 4.183238 3.32734) (xy 4.313246 3.28568) (xy 4.354699 3.267366) (xy 4.429346 3.225856)
      (xy 4.487238 3.178302) (xy 4.542134 3.111576) (xy 4.585976 3.046693) (xy 4.638461 2.971605)
      (xy 4.686766 2.912974) (xy 4.722196 2.881097) (xy 4.728005 2.878518) (xy 4.803601 2.859206)
      (xy 4.903976 2.835043) (xy 5.017305 2.808702) (xy 5.13176 2.782858) (xy 5.235517 2.760187)
      (xy 5.316749 2.743361) (xy 5.360521 2.735471) (xy 5.435559 2.714194) (xy 5.501068 2.679199)
      (xy 5.503081 2.677646) (xy 5.554057 2.616755) (xy 5.595528 2.528797) (xy 5.625202 2.426146)
      (xy 5.640789 2.321171) (xy 5.639995 2.226245) (xy 5.62053 2.153739) (xy 5.604347 2.130993)
      (xy 5.555657 2.105118) (xy 5.474382 2.093934) (xy 5.357896 2.09755) (xy 5.203571 2.116079)
      (xy 5.008778 2.149632) (xy 4.964546 2.158192) (xy 4.834806 2.182378) (xy 4.723835 2.199181)
      (xy 4.617554 2.20977) (xy 4.501883 2.21531) (xy 4.362745 2.216969) (xy 4.260273 2.216573)
      (xy 4.125164 2.21603) (xy 4.001771 2.216368) (xy 3.899414 2.217498) (xy 3.827411 2.219331)
      (xy 3.800103 2.22098) (xy 3.763082 2.221037) (xy 3.733021 2.20645) (xy 3.701131 2.169136)
      (xy 3.658626 2.101009) (xy 3.645748 2.078967) (xy 3.548635 1.928682) (xy 3.448294 1.804297)
      (xy 3.350431 1.712131) (xy 3.26926 1.661984) (xy 3.160817 1.626275) (xy 3.015501 1.594673)
      (xy 2.842488 1.567787) (xy 2.650957 1.54623) (xy 2.450082 1.530612) (xy 2.249041 1.521543)
      (xy 2.057011 1.519634) (xy 1.883167 1.525495) (xy 1.736687 1.539738) (xy 1.656773 1.554673)
      (xy 1.46243 1.621) (xy 1.262301 1.723514) (xy 1.066165 1.854921) (xy 0.883799 2.007928)
      (xy 0.724983 2.175241) (xy 0.606578 2.337955) (xy 0.524527 2.470727) (xy 0.371945 2.470594)
      (xy 0.221806 2.463906) (xy 0.070907 2.445579) (xy -0.071215 2.417828) (xy -0.195023 2.38287)
      (xy -0.290978 2.342922) (xy -0.346511 2.303614) (xy -0.386624 2.245676) (xy -0.41666 2.175709)
      (xy -0.43199 2.109046) (xy -0.427986 2.061022) (xy -0.422287 2.052505) (xy -0.391013 2.042584)
      (xy -0.32326 2.041226) (xy -0.215567 2.048477) (xy -0.135546 2.056421) (xy 0.025695 2.069352)
      (xy 0.150774 2.068432) (xy 0.247911 2.052573) (xy 0.325328 2.020685) (xy 0.370824 1.989353)
      (xy 0.413626 1.926297) (xy 0.43385 1.828147) (xy 0.431229 1.700242) (xy 0.405495 1.547923)
      (xy 0.395086 1.505368) (xy 0.373935 1.413032) (xy 0.359637 1.320304) (xy 0.351054 1.214779)
      (xy 0.34705 1.084053) (xy 0.346364 0.973511) (xy 0.345992 0.845134) (xy 0.343641 0.745905)
      (xy 0.337454 0.663475) (xy 0.325579 0.585496) (xy 0.306158 0.499621) (xy 0.277339 0.393502)
      (xy 0.239612 0.262854) (xy 0.197354 0.114044) (xy 0.166987 -0.004613) (xy 0.146017 -0.10685)
      (xy 0.131952 -0.206399) (xy 0.122299 -0.316993) (xy 0.116444 -0.415636) (xy 0.109248 -0.533392)
      (xy 0.101105 -0.636252) (xy 0.09292 -0.714506) (xy 0.085594 -0.75844) (xy 0.084205 -0.762497)
      (xy 0.041027 -0.813338) (xy -0.037517 -0.847959) (xy -0.155238 -0.867783) (xy -0.207818 -0.871565)
      (xy -0.306554 -0.874252) (xy -0.37727 -0.867825) (xy -0.437703 -0.849441) (xy -0.484909 -0.82715)
      (xy -0.571354 -0.767857) (xy -0.631153 -0.686404) (xy -0.639723 -0.669636) (xy -0.679579 -0.560119)
      (xy -0.713092 -0.409659) (xy -0.739662 -0.223136) (xy -0.758688 -0.005431) (xy -0.769569 0.238576)
      (xy -0.771972 0.404091) (xy -0.773545 0.842818) (xy -0.672249 1.004251) (xy -0.593084 1.144837)
      (xy -0.532762 1.2815) (xy -0.495453 1.403493) (xy -0.484945 1.487206) (xy -0.497782 1.564001)
      (xy -0.530267 1.645488) (xy -0.573462 1.712636) (xy -0.603639 1.739941) (xy -0.632894 1.745526)
      (xy -0.683039 1.735418) (xy -0.760496 1.707668) (xy -0.871689 1.660328) (xy -0.883948 1.654871)
      (xy -1.082376 1.576959) (xy -1.294408 1.511753) (xy -1.388673 1.488725) (xy -1.496079 1.462186)
      (xy -1.634507 1.423793) (xy -1.791494 1.377234) (xy -1.954576 1.3262) (xy -2.101272 1.277791)
      (xy -2.267472 1.222255) (xy -2.398925 1.180863) (xy -2.504092 1.151451) (xy -2.591431 1.131853)
      (xy -2.669403 1.119904) (xy -2.742549 1.113662) (xy -2.840978 1.109387) (xy -2.910913 1.112487)
      (xy -2.969847 1.126107) (xy -3.035274 1.153395) (xy -3.077367 1.17388) (xy -3.225947 1.260727)
      (xy -3.366289 1.367181) (xy -3.492548 1.486524) (xy -3.59888 1.612035) (xy -3.67944 1.736994)
      (xy -3.728386 1.854683) (xy -3.740856 1.936767) (xy -3.74692 1.982981) (xy -3.761686 2.048454)
      (xy -3.765032 2.060864) (xy -3.786413 2.118605) (xy -3.815438 2.143161) (xy -3.852129 2.147455)
      (xy -3.927785 2.132044) (xy -3.99546 2.082356) (xy -4.061654 1.993206) (xy -4.076032 1.968886)
      (xy -4.162523 1.84337) (xy -4.270279 1.725038) (xy -4.385905 1.627333) (xy -4.465731 1.577705)
      (xy -4.577849 1.536814) (xy -4.732906 1.506502) (xy -4.928822 1.487046) (xy -5.163519 1.478726)
      (xy -5.205482 1.478444) (xy -5.348963 1.484115) (xy -5.459468 1.505901) (xy -5.549009 1.549467)
      (xy -5.629595 1.620482) (xy -5.705861 1.714539) (xy -5.759395 1.790831) (xy -5.80251 1.858955)
      (xy -5.826861 1.905616) (xy -5.828253 1.909537) (xy -5.827399 1.952258) (xy -5.812314 2.027995)
      (xy -5.786023 2.126927) (xy -5.75155 2.239235) (xy -5.711921 2.355098) (xy -5.670161 2.464696)
      (xy -5.629295 2.558208) (xy -5.626938 2.563091) (xy -5.576454 2.667) (xy -5.380182 2.672413)
      (xy -5.227341 2.679351) (xy -5.066765 2.691404) (xy -4.905304 2.707559) (xy -4.74981 2.726807)
      (xy -4.607134 2.748136) (xy -4.484128 2.770537) (xy -4.387643 2.792998) (xy -4.324531 2.814509)
      (xy -4.30219 2.831422) (xy -4.300156 2.869421) (xy -4.306908 2.93721) (xy -4.319735 3.013388)
      (xy -4.335014 3.103516) (xy -4.335792 3.127942) (xy -2.983821 3.127942) (xy -2.976899 3.009001)
      (xy -2.933422 2.884805) (xy -2.853201 2.761337) (xy -2.808807 2.711448) (xy -2.687477 2.586182)
      (xy -2.400147 2.586523) (xy -2.242466 2.590398) (xy -2.100284 2.60091) (xy -1.987137 2.616963)
      (xy -1.964748 2.621767) (xy -1.839283 2.66256) (xy -1.712516 2.722914) (xy -1.598536 2.794733)
      (xy -1.511437 2.869919) (xy -1.491122 2.893922) (xy -1.43435 3.002532) (xy -1.414982 3.121795)
      (xy -1.427836 3.212208) (xy -1.429002 3.215633) (xy 1.64291 3.215633) (xy 1.644386 3.143612)
      (xy 1.645149 3.135406) (xy 1.660429 3.057604) (xy 1.68631 2.994155) (xy 1.69771 2.978144)
      (xy 1.774045 2.924923) (xy 1.876279 2.895593) (xy 1.990078 2.891368) (xy 2.10111 2.913463)
      (xy 2.159 2.939046) (xy 2.246687 3.009264) (xy 2.304899 3.098798) (xy 2.33126 3.197372)
      (xy 2.323393 3.294705) (xy 2.278922 3.38052) (xy 2.264686 3.39614) (xy 2.220676 3.434599)
      (xy 2.175942 3.454929) (xy 2.1133 3.462693) (xy 2.056126 3.463636) (xy 1.917372 3.452169)
      (xy 1.809357 3.415128) (xy 1.722008 3.348559) (xy 1.699393 3.323507) (xy 1.659019 3.267877)
      (xy 1.64291 3.215633) (xy -1.429002 3.215633) (xy -1.487521 3.387493) (xy -1.55007 3.518817)
      (xy -1.617066 3.608384) (xy -1.690094 3.658397) (xy -1.75814 3.671455) (xy -1.812607 3.662015)
      (xy -1.893277 3.636955) (xy -1.984974 3.601167) (xy -2.008909 3.590636) (xy -2.097538 3.553234)
      (xy -2.175441 3.525011) (xy -2.229189 3.510695) (xy -2.238577 3.509818) (xy -2.311944 3.503737)
      (xy -2.41372 3.487678) (xy -2.528448 3.464921) (xy -2.640673 3.438745) (xy -2.734939 3.41243)
      (xy -2.787158 3.393427) (xy -2.88876 3.326136) (xy -2.954378 3.235648) (xy -2.983821 3.127942)
      (xy -4.335792 3.127942) (xy -4.337152 3.170597) (xy -4.325473 3.23605) (xy -4.311175 3.284644)
      (xy -4.233341 3.466607) (xy -4.111311 3.660539) (xy -3.945371 3.865996) (xy -3.907582 3.907734)
      (xy -3.826273 3.997389) (xy -3.772098 4.061905) (xy -3.739961 4.109219) (xy -3.724768 4.147267)
      (xy -3.721421 4.183985) (xy -3.722019 4.196737) (xy -3.71883 4.256252) (xy -3.692931 4.302624)
      (xy -3.649536 4.343371) (xy -3.523359 4.424882) (xy -3.359519 4.493412) (xy -3.164937 4.548025)
      (xy -2.946533 4.587789) (xy -2.711227 4.61177) (xy -2.465939 4.619034) (xy -2.217589 4.608647)) (layer B.Mask) (width 0.01))
    (fp_poly (pts (xy 1.402701 -0.930077) (xy 1.553283 -0.94674) (xy 1.723652 -0.97228) (xy 1.90417 -1.004731)
      (xy 2.085196 -1.042123) (xy 2.257092 -1.082488) (xy 2.410217 -1.12386) (xy 2.534933 -1.16427)
      (xy 2.609273 -1.195324) (xy 2.700141 -1.249512) (xy 2.76141 -1.31125) (xy 2.789692 -1.35611)
      (xy 2.82435 -1.435646) (xy 2.862189 -1.549062) (xy 2.90023 -1.684469) (xy 2.935496 -1.829976)
      (xy 2.965007 -1.973695) (xy 2.985784 -2.103737) (xy 2.992421 -2.165256) (xy 2.997911 -2.278429)
      (xy 2.991757 -2.376517) (xy 2.970495 -2.467537) (xy 2.930663 -2.559507) (xy 2.868797 -2.660443)
      (xy 2.781435 -2.778361) (xy 2.666611 -2.919485) (xy 2.593363 -3.010566) (xy 2.54861 -3.07531)
      (xy 2.528426 -3.120273) (xy 2.52836 -3.150394) (xy 2.544832 -3.232512) (xy 2.554585 -3.338196)
      (xy 2.556985 -3.448583) (xy 2.551398 -3.544811) (xy 2.543178 -3.590852) (xy 2.484065 -3.730748)
      (xy 2.389659 -3.859953) (xy 2.301092 -3.941336) (xy 2.245845 -3.978791) (xy 2.159911 -4.031557)
      (xy 2.053542 -4.093573) (xy 1.936989 -4.158775) (xy 1.893067 -4.182639) (xy 1.581728 -4.350333)
      (xy 1.235364 -4.351763) (xy 0.889 -4.353192) (xy 0.715818 -4.450726) (xy 0.617469 -4.503036)
      (xy 0.538844 -4.533609) (xy 0.464395 -4.544491) (xy 0.378577 -4.537729) (xy 0.265843 -4.515369)
      (xy 0.250727 -4.511954) (xy 0.17018 -4.494804) (xy 0.108884 -4.487263) (xy 0.050499 -4.489948)
      (xy -0.021316 -4.503474) (xy -0.11174 -4.52563) (xy -0.272708 -4.559091) (xy -0.434383 -4.579709)
      (xy -0.583901 -4.586574) (xy -0.708397 -4.578777) (xy -0.750454 -4.570831) (xy -0.820061 -4.551304)
      (xy -0.912527 -4.522119) (xy -1.004454 -4.490772) (xy -1.114407 -4.45698) (xy -1.236003 -4.427537)
      (xy -1.324505 -4.411657) (xy -1.446204 -4.386412) (xy -1.547828 -4.342936) (xy -1.639869 -4.274237)
      (xy -1.732817 -4.173323) (xy -1.786448 -4.10383) (xy -1.854837 -4.016177) (xy -1.926189 -3.932495)
      (xy -1.987533 -3.867822) (xy -2.000182 -3.856031) (xy -2.029292 -3.830338) (xy -2.058334 -3.806086)
      (xy -2.092083 -3.779988) (xy -2.135314 -3.748755) (xy -2.192804 -3.7091) (xy -2.204065 -3.701541)
      (xy -0.978988 -3.701541) (xy -0.969535 -3.791329) (xy -0.937195 -3.853923) (xy -0.910124 -3.879559)
      (xy -0.876352 -3.900741) (xy -0.830655 -3.918351) (xy -0.767806 -3.933272) (xy -0.68258 -3.946386)
      (xy -0.56975 -3.958575) (xy -0.424091 -3.97072) (xy -0.240376 -3.983704) (xy -0.122364 -3.991448)
      (xy -0.070312 -3.988592) (xy 0.004586 -3.977631) (xy 0.045161 -3.969698) (xy 0.166043 -3.92152)
      (xy 0.273427 -3.836514) (xy 0.358076 -3.723838) (xy 0.405424 -3.612558) (xy 0.425395 -3.506488)
      (xy 0.412172 -3.424289) (xy 0.362298 -3.354498) (xy 0.315932 -3.315715) (xy 0.278926 -3.292842)
      (xy 0.235628 -3.278802) (xy 0.1746 -3.271806) (xy 0.0844 -3.270065) (xy 0.027295 -3.270572)
      (xy -0.08774 -3.274952) (xy -0.220265 -3.284496) (xy -0.360366 -3.297992) (xy -0.498127 -3.314226)
      (xy -0.623635 -3.331985) (xy -0.726975 -3.350054) (xy -0.798233 -3.367222) (xy -0.816029 -3.373789)
      (xy -0.880246 -3.424712) (xy -0.931024 -3.50508) (xy -0.965045 -3.601741) (xy -0.978988 -3.701541)
      (xy -2.204065 -3.701541) (xy -2.269327 -3.657736) (xy -2.369661 -3.591374) (xy -2.498579 -3.506728)
      (xy -2.660859 -3.400509) (xy -2.681599 -3.386944) (xy -2.85889 -3.265033) (xy -3.02141 -3.141711)
      (xy -3.163678 -3.021808) (xy -3.280213 -2.910152) (xy -3.365533 -2.811573) (xy -3.405988 -2.748648)
      (xy -3.438677 -2.661763) (xy -3.444273 -2.573761) (xy -3.421465 -2.474614) (xy -3.413662 -2.456738)
      (xy -2.309091 -2.456738) (xy -2.286251 -2.521303) (xy -2.217942 -2.579609) (xy -2.104485 -2.631428)
      (xy -2.034076 -2.653931) (xy -1.950819 -2.678135) (xy -1.838421 -2.711179) (xy -1.71197 -2.748612)
      (xy -1.593272 -2.783975) (xy -1.27878 -2.872538) (xy -1.001483 -2.9391) (xy -0.762566 -2.98339)
      (xy -0.646545 -2.998307) (xy -0.520283 -3.008238) (xy -0.367644 -3.015298) (xy -0.199721 -3.019456)
      (xy -0.027603 -3.020685) (xy 0.137618 -3.018955) (xy 0.284851 -3.014239) (xy 0.403006 -3.006507)
      (xy 0.450273 -3.001144) (xy 0.609996 -2.973371) (xy 0.784719 -2.93412) (xy 0.965752 -2.886169)
      (xy 1.144408 -2.832295) (xy 1.311996 -2.775275) (xy 1.459828 -2.717885) (xy 1.579213 -2.662902)
      (xy 1.659223 -2.614793) (xy 1.741734 -2.529163) (xy 1.786547 -2.421531) (xy 1.795143 -2.287915)
      (xy 1.792563 -2.256921) (xy 1.755809 -2.09474) (xy 1.681187 -1.956974) (xy 1.567284 -1.84177)
      (xy 1.412685 -1.747275) (xy 1.39851 -1.740552) (xy 1.309023 -1.703313) (xy 1.238548 -1.688577)
      (xy 1.167044 -1.694199) (xy 1.105442 -1.709154) (xy 1.010266 -1.751598) (xy 0.942724 -1.813359)
      (xy 0.90609 -1.885995) (xy 0.903639 -1.961065) (xy 0.938646 -2.030128) (xy 0.969818 -2.058742)
      (xy 1.024186 -2.113942) (xy 1.035473 -2.16441) (xy 1.003518 -2.205701) (xy 0.975591 -2.219866)
      (xy 0.931542 -2.232318) (xy 0.851337 -2.250341) (xy 0.744386 -2.271995) (xy 0.6201 -2.29534)
      (xy 0.542637 -2.30909) (xy 0.400907 -2.334911) (xy 0.259813 -2.362752) (xy 0.132472 -2.389882)
      (xy 0.031999 -2.41357) (xy 0.000464 -2.421978) (xy -0.113701 -2.451451) (xy -0.209952 -2.467319)
      (xy -0.296842 -2.467421) (xy -0.382922 -2.449598) (xy -0.476746 -2.411687) (xy -0.586867 -2.35153)
      (xy -0.721838 -2.266966) (xy -0.790036 -2.222303) (xy -0.999273 -2.094387) (xy -1.18911 -2.000896)
      (xy -1.367214 -1.938838) (xy -1.541252 -1.90522) (xy -1.6194 -1.89862) (xy -1.737754 -1.896545)
      (xy -1.837556 -1.90278) (xy -1.900116 -1.914934) (xy -1.977658 -1.957713) (xy -2.062096 -2.031742)
      (xy -2.145284 -2.126229) (xy -2.219075 -2.23038) (xy -2.275322 -2.333403) (xy -2.305878 -2.424504)
      (xy -2.309091 -2.456738) (xy -3.413662 -2.456738) (xy -3.368944 -2.354295) (xy -3.349637 -2.317137)
      (xy -3.187219 -2.059496) (xy -2.991386 -1.831479) (xy -2.765595 -1.636523) (xy -2.5133 -1.478064)
      (xy -2.497616 -1.469906) (xy -2.253097 -1.357422) (xy -2.001097 -1.26601) (xy -1.752231 -1.198637)
      (xy -1.517109 -1.158271) (xy -1.344376 -1.147412) (xy -1.287175 -1.147736) (xy -1.23864 -1.15091)
      (xy -1.191482 -1.159587) (xy -1.13841 -1.176425) (xy -1.072137 -1.204079) (xy -0.985371 -1.245205)
      (xy -0.870824 -1.302458) (xy -0.749119 -1.364288) (xy -0.581545 -1.448811) (xy -0.447492 -1.512575)
      (xy -0.339513 -1.556142) (xy -0.250165 -1.580075) (xy -0.172002 -1.584938) (xy -0.09758 -1.571294)
      (xy -0.019455 -1.539705) (xy 0.069819 -1.490736) (xy 0.164074 -1.433367) (xy 0.380926 -1.300832)
      (xy 0.564544 -1.192373) (xy 0.719691 -1.105816) (xy 0.851133 -1.038993) (xy 0.963635 -0.989732)
      (xy 1.06196 -0.955863) (xy 1.150875 -0.935214) (xy 1.235142 -0.925616) (xy 1.281546 -0.924259)
      (xy 1.402701 -0.930077)) (layer B.Mask) (width 0.01))
  )

  (module Capacitor_SMD:C_1206_3216Metric_Pad1.42x1.75mm_HandSolder (layer B.Cu) (tedit 5B301BBE) (tstamp 5D709AB1)
    (at 69.7568 58.077 270)
    (descr "Capacitor SMD 1206 (3216 Metric), square (rectangular) end terminal, IPC_7351 nominal with elongated pad for handsoldering. (Body size source: http://www.tortai-tech.com/upload/download/2011102023233369053.pdf), generated with kicad-footprint-generator")
    (tags "capacitor handsolder")
    (path /5D562FB7)
    (attr smd)
    (fp_text reference C1 (at 0 1.82 270) (layer B.SilkS)
      (effects (font (size 1 1) (thickness 0.15)) (justify mirror))
    )
    (fp_text value C (at 0 -1.82 270) (layer B.Fab)
      (effects (font (size 1 1) (thickness 0.15)) (justify mirror))
    )
    (fp_text user %R (at 0 0 270) (layer B.Fab)
      (effects (font (size 0.8 0.8) (thickness 0.12)) (justify mirror))
    )
    (fp_line (start 2.45 -1.12) (end -2.45 -1.12) (layer B.CrtYd) (width 0.05))
    (fp_line (start 2.45 1.12) (end 2.45 -1.12) (layer B.CrtYd) (width 0.05))
    (fp_line (start -2.45 1.12) (end 2.45 1.12) (layer B.CrtYd) (width 0.05))
    (fp_line (start -2.45 -1.12) (end -2.45 1.12) (layer B.CrtYd) (width 0.05))
    (fp_line (start -0.602064 -0.91) (end 0.602064 -0.91) (layer B.SilkS) (width 0.12))
    (fp_line (start -0.602064 0.91) (end 0.602064 0.91) (layer B.SilkS) (width 0.12))
    (fp_line (start 1.6 -0.8) (end -1.6 -0.8) (layer B.Fab) (width 0.1))
    (fp_line (start 1.6 0.8) (end 1.6 -0.8) (layer B.Fab) (width 0.1))
    (fp_line (start -1.6 0.8) (end 1.6 0.8) (layer B.Fab) (width 0.1))
    (fp_line (start -1.6 -0.8) (end -1.6 0.8) (layer B.Fab) (width 0.1))
    (pad 2 smd roundrect (at 1.4875 0 270) (size 1.425 1.75) (layers B.Cu B.Paste B.Mask) (roundrect_rratio 0.175439)
      (net 11 GND))
    (pad 1 smd roundrect (at -1.4875 0 270) (size 1.425 1.75) (layers B.Cu B.Paste B.Mask) (roundrect_rratio 0.175439)
      (net 2 UVCC))
    (model ${KISYS3DMOD}/Capacitor_SMD.3dshapes/C_1206_3216Metric.wrl
      (at (xyz 0 0 0))
      (scale (xyz 1 1 1))
      (rotate (xyz 0 0 0))
    )
  )

  (module Capacitor_SMD:C_1206_3216Metric_Pad1.42x1.75mm_HandSolder (layer B.Cu) (tedit 5B301BBE) (tstamp 5D709AC2)
    (at 73.7568 58.077 270)
    (descr "Capacitor SMD 1206 (3216 Metric), square (rectangular) end terminal, IPC_7351 nominal with elongated pad for handsoldering. (Body size source: http://www.tortai-tech.com/upload/download/2011102023233369053.pdf), generated with kicad-footprint-generator")
    (tags "capacitor handsolder")
    (path /5D563082)
    (attr smd)
    (fp_text reference C2 (at 0 1.82 270) (layer B.SilkS)
      (effects (font (size 1 1) (thickness 0.15)) (justify mirror))
    )
    (fp_text value C (at 0 -1.82 270) (layer B.Fab)
      (effects (font (size 1 1) (thickness 0.15)) (justify mirror))
    )
    (fp_line (start -1.6 -0.8) (end -1.6 0.8) (layer B.Fab) (width 0.1))
    (fp_line (start -1.6 0.8) (end 1.6 0.8) (layer B.Fab) (width 0.1))
    (fp_line (start 1.6 0.8) (end 1.6 -0.8) (layer B.Fab) (width 0.1))
    (fp_line (start 1.6 -0.8) (end -1.6 -0.8) (layer B.Fab) (width 0.1))
    (fp_line (start -0.602064 0.91) (end 0.602064 0.91) (layer B.SilkS) (width 0.12))
    (fp_line (start -0.602064 -0.91) (end 0.602064 -0.91) (layer B.SilkS) (width 0.12))
    (fp_line (start -2.45 -1.12) (end -2.45 1.12) (layer B.CrtYd) (width 0.05))
    (fp_line (start -2.45 1.12) (end 2.45 1.12) (layer B.CrtYd) (width 0.05))
    (fp_line (start 2.45 1.12) (end 2.45 -1.12) (layer B.CrtYd) (width 0.05))
    (fp_line (start 2.45 -1.12) (end -2.45 -1.12) (layer B.CrtYd) (width 0.05))
    (fp_text user %R (at 0 0 270) (layer B.Fab)
      (effects (font (size 0.8 0.8) (thickness 0.12)) (justify mirror))
    )
    (pad 1 smd roundrect (at -1.4875 0 270) (size 1.425 1.75) (layers B.Cu B.Paste B.Mask) (roundrect_rratio 0.175439)
      (net 2 UVCC))
    (pad 2 smd roundrect (at 1.4875 0 270) (size 1.425 1.75) (layers B.Cu B.Paste B.Mask) (roundrect_rratio 0.175439)
      (net 11 GND))
    (model ${KISYS3DMOD}/Capacitor_SMD.3dshapes/C_1206_3216Metric.wrl
      (at (xyz 0 0 0))
      (scale (xyz 1 1 1))
      (rotate (xyz 0 0 0))
    )
  )

  (module Capacitor_SMD:C_1206_3216Metric_Pad1.42x1.75mm_HandSolder (layer B.Cu) (tedit 5B301BBE) (tstamp 5D709AD3)
    (at 98.7568 53.077)
    (descr "Capacitor SMD 1206 (3216 Metric), square (rectangular) end terminal, IPC_7351 nominal with elongated pad for handsoldering. (Body size source: http://www.tortai-tech.com/upload/download/2011102023233369053.pdf), generated with kicad-footprint-generator")
    (tags "capacitor handsolder")
    (path /5D563F34)
    (attr smd)
    (fp_text reference C3 (at 0 1.82) (layer B.SilkS)
      (effects (font (size 1 1) (thickness 0.15)) (justify mirror))
    )
    (fp_text value C_Small (at 0 -1.82) (layer B.Fab)
      (effects (font (size 1 1) (thickness 0.15)) (justify mirror))
    )
    (fp_text user %R (at 0 0) (layer B.Fab)
      (effects (font (size 0.8 0.8) (thickness 0.12)) (justify mirror))
    )
    (fp_line (start 2.45 -1.12) (end -2.45 -1.12) (layer B.CrtYd) (width 0.05))
    (fp_line (start 2.45 1.12) (end 2.45 -1.12) (layer B.CrtYd) (width 0.05))
    (fp_line (start -2.45 1.12) (end 2.45 1.12) (layer B.CrtYd) (width 0.05))
    (fp_line (start -2.45 -1.12) (end -2.45 1.12) (layer B.CrtYd) (width 0.05))
    (fp_line (start -0.602064 -0.91) (end 0.602064 -0.91) (layer B.SilkS) (width 0.12))
    (fp_line (start -0.602064 0.91) (end 0.602064 0.91) (layer B.SilkS) (width 0.12))
    (fp_line (start 1.6 -0.8) (end -1.6 -0.8) (layer B.Fab) (width 0.1))
    (fp_line (start 1.6 0.8) (end 1.6 -0.8) (layer B.Fab) (width 0.1))
    (fp_line (start -1.6 0.8) (end 1.6 0.8) (layer B.Fab) (width 0.1))
    (fp_line (start -1.6 -0.8) (end -1.6 0.8) (layer B.Fab) (width 0.1))
    (pad 2 smd roundrect (at 1.4875 0) (size 1.425 1.75) (layers B.Cu B.Paste B.Mask) (roundrect_rratio 0.175439)
      (net 11 GND))
    (pad 1 smd roundrect (at -1.4875 0) (size 1.425 1.75) (layers B.Cu B.Paste B.Mask) (roundrect_rratio 0.175439)
      (net 1 XTAL1))
    (model ${KISYS3DMOD}/Capacitor_SMD.3dshapes/C_1206_3216Metric.wrl
      (at (xyz 0 0 0))
      (scale (xyz 1 1 1))
      (rotate (xyz 0 0 0))
    )
  )

  (module Capacitor_SMD:C_1206_3216Metric_Pad1.42x1.75mm_HandSolder (layer B.Cu) (tedit 5B301BBE) (tstamp 5D709AE4)
    (at 94.7568 48.577 90)
    (descr "Capacitor SMD 1206 (3216 Metric), square (rectangular) end terminal, IPC_7351 nominal with elongated pad for handsoldering. (Body size source: http://www.tortai-tech.com/upload/download/2011102023233369053.pdf), generated with kicad-footprint-generator")
    (tags "capacitor handsolder")
    (path /5D563FF0)
    (attr smd)
    (fp_text reference C4 (at 0 -2 90) (layer B.SilkS)
      (effects (font (size 1 1) (thickness 0.15)) (justify mirror))
    )
    (fp_text value C_Small (at 0 -1.82 90) (layer B.Fab)
      (effects (font (size 1 1) (thickness 0.15)) (justify mirror))
    )
    (fp_line (start -1.6 -0.8) (end -1.6 0.8) (layer B.Fab) (width 0.1))
    (fp_line (start -1.6 0.8) (end 1.6 0.8) (layer B.Fab) (width 0.1))
    (fp_line (start 1.6 0.8) (end 1.6 -0.8) (layer B.Fab) (width 0.1))
    (fp_line (start 1.6 -0.8) (end -1.6 -0.8) (layer B.Fab) (width 0.1))
    (fp_line (start -0.602064 0.91) (end 0.602064 0.91) (layer B.SilkS) (width 0.12))
    (fp_line (start -0.602064 -0.91) (end 0.602064 -0.91) (layer B.SilkS) (width 0.12))
    (fp_line (start -2.45 -1.12) (end -2.45 1.12) (layer B.CrtYd) (width 0.05))
    (fp_line (start -2.45 1.12) (end 2.45 1.12) (layer B.CrtYd) (width 0.05))
    (fp_line (start 2.45 1.12) (end 2.45 -1.12) (layer B.CrtYd) (width 0.05))
    (fp_line (start 2.45 -1.12) (end -2.45 -1.12) (layer B.CrtYd) (width 0.05))
    (fp_text user %R (at 0 0 90) (layer B.Fab)
      (effects (font (size 0.8 0.8) (thickness 0.12)) (justify mirror))
    )
    (pad 1 smd roundrect (at -1.4875 0 90) (size 1.425 1.75) (layers B.Cu B.Paste B.Mask) (roundrect_rratio 0.175439)
      (net 12 XTAL2))
    (pad 2 smd roundrect (at 1.4875 0 90) (size 1.425 1.75) (layers B.Cu B.Paste B.Mask) (roundrect_rratio 0.175439)
      (net 11 GND))
    (model ${KISYS3DMOD}/Capacitor_SMD.3dshapes/C_1206_3216Metric.wrl
      (at (xyz 0 0 0))
      (scale (xyz 1 1 1))
      (rotate (xyz 0 0 0))
    )
  )

  (module Capacitor_SMD:C_1206_3216Metric_Pad1.42x1.75mm_HandSolder (layer B.Cu) (tedit 5B301BBE) (tstamp 5D86F8AD)
    (at 79.7568 48.077 225)
    (descr "Capacitor SMD 1206 (3216 Metric), square (rectangular) end terminal, IPC_7351 nominal with elongated pad for handsoldering. (Body size source: http://www.tortai-tech.com/upload/download/2011102023233369053.pdf), generated with kicad-footprint-generator")
    (tags "capacitor handsolder")
    (path /5D562631)
    (attr smd)
    (fp_text reference C5 (at 0 1.82 225) (layer B.SilkS)
      (effects (font (size 1 1) (thickness 0.15)) (justify mirror))
    )
    (fp_text value C (at 0 -1.82 225) (layer B.Fab)
      (effects (font (size 1 1) (thickness 0.15)) (justify mirror))
    )
    (fp_line (start -1.6 -0.8) (end -1.6 0.8) (layer B.Fab) (width 0.1))
    (fp_line (start -1.6 0.8) (end 1.6 0.8) (layer B.Fab) (width 0.1))
    (fp_line (start 1.6 0.8) (end 1.6 -0.8) (layer B.Fab) (width 0.1))
    (fp_line (start 1.6 -0.8) (end -1.6 -0.8) (layer B.Fab) (width 0.1))
    (fp_line (start -0.602064 0.91) (end 0.602064 0.91) (layer B.SilkS) (width 0.12))
    (fp_line (start -0.602064 -0.91) (end 0.602064 -0.91) (layer B.SilkS) (width 0.12))
    (fp_line (start -2.45 -1.12) (end -2.45 1.12) (layer B.CrtYd) (width 0.05))
    (fp_line (start -2.45 1.12) (end 2.45 1.12) (layer B.CrtYd) (width 0.05))
    (fp_line (start 2.45 1.12) (end 2.45 -1.12) (layer B.CrtYd) (width 0.05))
    (fp_line (start 2.45 -1.12) (end -2.45 -1.12) (layer B.CrtYd) (width 0.05))
    (fp_text user %R (at 0 0 225) (layer B.Fab)
      (effects (font (size 0.8 0.8) (thickness 0.12)) (justify mirror))
    )
    (pad 1 smd roundrect (at -1.4875 0 225) (size 1.425 1.75) (layers B.Cu B.Paste B.Mask) (roundrect_rratio 0.175439)
      (net 3 "Net-(C5-Pad1)"))
    (pad 2 smd roundrect (at 1.4875 0 225) (size 1.425 1.75) (layers B.Cu B.Paste B.Mask) (roundrect_rratio 0.175439)
      (net 11 GND))
    (model ${KISYS3DMOD}/Capacitor_SMD.3dshapes/C_1206_3216Metric.wrl
      (at (xyz 0 0 0))
      (scale (xyz 1 1 1))
      (rotate (xyz 0 0 0))
    )
  )

  (module Connector_USB:USB_Micro-B_Molex-105017-0001 (layer B.Cu) (tedit 5A1DC0BE) (tstamp 5D709B1E)
    (at 63.4568 54.577 90)
    (descr http://www.molex.com/pdm_docs/sd/1050170001_sd.pdf)
    (tags "Micro-USB SMD Typ-B")
    (path /5D55AAB4)
    (attr smd)
    (fp_text reference J1 (at 0 3.1125 90) (layer B.SilkS)
      (effects (font (size 1 1) (thickness 0.15)) (justify mirror))
    )
    (fp_text value USB_B_Micro (at 0.3 -4.3375 90) (layer B.Fab)
      (effects (font (size 1 1) (thickness 0.15)) (justify mirror))
    )
    (fp_text user "PCB Edge" (at 0 -2.6875 90) (layer Dwgs.User)
      (effects (font (size 0.5 0.5) (thickness 0.08)))
    )
    (fp_text user %R (at 0 -0.8875 90) (layer B.Fab)
      (effects (font (size 1 1) (thickness 0.15)) (justify mirror))
    )
    (fp_line (start -4.4 -3.64) (end 4.4 -3.64) (layer B.CrtYd) (width 0.05))
    (fp_line (start 4.4 2.46) (end 4.4 -3.64) (layer B.CrtYd) (width 0.05))
    (fp_line (start -4.4 2.46) (end 4.4 2.46) (layer B.CrtYd) (width 0.05))
    (fp_line (start -4.4 -3.64) (end -4.4 2.46) (layer B.CrtYd) (width 0.05))
    (fp_line (start -3.9 1.7625) (end -3.45 1.7625) (layer B.SilkS) (width 0.12))
    (fp_line (start -3.9 -0.0875) (end -3.9 1.7625) (layer B.SilkS) (width 0.12))
    (fp_line (start 3.9 -2.6375) (end 3.9 -2.3875) (layer B.SilkS) (width 0.12))
    (fp_line (start 3.75 -3.3875) (end 3.75 1.6125) (layer B.Fab) (width 0.1))
    (fp_line (start -3 -2.689204) (end 3 -2.689204) (layer B.Fab) (width 0.1))
    (fp_line (start -3.75 -3.389204) (end 3.75 -3.389204) (layer B.Fab) (width 0.1))
    (fp_line (start -3.75 1.6125) (end 3.75 1.6125) (layer B.Fab) (width 0.1))
    (fp_line (start -3.75 -3.3875) (end -3.75 1.6125) (layer B.Fab) (width 0.1))
    (fp_line (start -3.9 -2.6375) (end -3.9 -2.3875) (layer B.SilkS) (width 0.12))
    (fp_line (start 3.9 -0.0875) (end 3.9 1.7625) (layer B.SilkS) (width 0.12))
    (fp_line (start 3.9 1.7625) (end 3.45 1.7625) (layer B.SilkS) (width 0.12))
    (fp_line (start -1.7 2.3125) (end -1.25 2.3125) (layer B.SilkS) (width 0.12))
    (fp_line (start -1.7 2.3125) (end -1.7 1.8625) (layer B.SilkS) (width 0.12))
    (fp_line (start -1.3 1.7125) (end -1.5 1.9125) (layer B.Fab) (width 0.1))
    (fp_line (start -1.1 1.9125) (end -1.3 1.7125) (layer B.Fab) (width 0.1))
    (fp_line (start -1.5 2.1225) (end -1.1 2.1225) (layer B.Fab) (width 0.1))
    (fp_line (start -1.5 2.1225) (end -1.5 1.9125) (layer B.Fab) (width 0.1))
    (fp_line (start -1.1 2.1225) (end -1.1 1.9125) (layer B.Fab) (width 0.1))
    (pad 6 smd rect (at 1 -1.2375 90) (size 1.5 1.9) (layers B.Cu B.Paste B.Mask)
      (net 11 GND))
    (pad 6 thru_hole circle (at -2.5 1.4625 90) (size 1.45 1.45) (drill 0.85) (layers *.Cu *.Mask)
      (net 11 GND))
    (pad 2 smd rect (at -0.65 1.4625 90) (size 0.4 1.35) (layers B.Cu B.Paste B.Mask)
      (net 4 "Net-(J1-Pad2)"))
    (pad 1 smd rect (at -1.3 1.4625 90) (size 0.4 1.35) (layers B.Cu B.Paste B.Mask)
      (net 2 UVCC))
    (pad 5 smd rect (at 1.3 1.4625 90) (size 0.4 1.35) (layers B.Cu B.Paste B.Mask)
      (net 11 GND))
    (pad 4 smd rect (at 0.65 1.4625 90) (size 0.4 1.35) (layers B.Cu B.Paste B.Mask)
      (net 18 "Net-(J1-Pad4)"))
    (pad 3 smd rect (at 0 1.4625 90) (size 0.4 1.35) (layers B.Cu B.Paste B.Mask)
      (net 5 "Net-(J1-Pad3)"))
    (pad 6 thru_hole circle (at 2.5 1.4625 90) (size 1.45 1.45) (drill 0.85) (layers *.Cu *.Mask)
      (net 11 GND))
    (pad 6 smd rect (at -1 -1.2375 90) (size 1.5 1.9) (layers B.Cu B.Paste B.Mask)
      (net 11 GND))
    (pad 6 thru_hole oval (at -3.5 -1.2375 270) (size 1.2 1.9) (drill oval 0.6 1.3) (layers *.Cu *.Mask)
      (net 11 GND))
    (pad 6 thru_hole oval (at 3.5 -1.2375 90) (size 1.2 1.9) (drill oval 0.6 1.3) (layers *.Cu *.Mask)
      (net 11 GND))
    (pad 6 smd rect (at 2.9 -1.2375 90) (size 1.2 1.9) (layers B.Cu B.Mask)
      (net 11 GND))
    (pad 6 smd rect (at -2.9 -1.2375 90) (size 1.2 1.9) (layers B.Cu B.Mask)
      (net 11 GND))
    (model ${KISYS3DMOD}/Connector_USB.3dshapes/USB_Micro-B_Molex-105017-0001.wrl
      (at (xyz 0 0 0))
      (scale (xyz 1 1 1))
      (rotate (xyz 0 0 0))
    )
  )

  (module Resistor_SMD:R_1206_3216Metric_Pad1.42x1.75mm_HandSolder (layer B.Cu) (tedit 5B301BBD) (tstamp 5D86F87D)
    (at 79.7568 61.077 315)
    (descr "Resistor SMD 1206 (3216 Metric), square (rectangular) end terminal, IPC_7351 nominal with elongated pad for handsoldering. (Body size source: http://www.tortai-tech.com/upload/download/2011102023233369053.pdf), generated with kicad-footprint-generator")
    (tags "resistor handsolder")
    (path /5D561A31)
    (attr smd)
    (fp_text reference R1 (at 0 1.82 315) (layer B.SilkS)
      (effects (font (size 1 1) (thickness 0.15)) (justify mirror))
    )
    (fp_text value R (at 0 -1.82 315) (layer B.Fab)
      (effects (font (size 1 1) (thickness 0.15)) (justify mirror))
    )
    (fp_text user %R (at 0 0 315) (layer B.Fab)
      (effects (font (size 0.8 0.8) (thickness 0.12)) (justify mirror))
    )
    (fp_line (start 2.45 -1.12) (end -2.45 -1.12) (layer B.CrtYd) (width 0.05))
    (fp_line (start 2.45 1.12) (end 2.45 -1.12) (layer B.CrtYd) (width 0.05))
    (fp_line (start -2.45 1.12) (end 2.45 1.12) (layer B.CrtYd) (width 0.05))
    (fp_line (start -2.45 -1.12) (end -2.45 1.12) (layer B.CrtYd) (width 0.05))
    (fp_line (start -0.602064 -0.91) (end 0.602064 -0.91) (layer B.SilkS) (width 0.12))
    (fp_line (start -0.602064 0.91) (end 0.602064 0.91) (layer B.SilkS) (width 0.12))
    (fp_line (start 1.6 -0.8) (end -1.6 -0.8) (layer B.Fab) (width 0.1))
    (fp_line (start 1.6 0.8) (end 1.6 -0.8) (layer B.Fab) (width 0.1))
    (fp_line (start -1.6 0.8) (end 1.6 0.8) (layer B.Fab) (width 0.1))
    (fp_line (start -1.6 -0.8) (end -1.6 0.8) (layer B.Fab) (width 0.1))
    (pad 2 smd roundrect (at 1.4875 0 315) (size 1.425 1.75) (layers B.Cu B.Paste B.Mask) (roundrect_rratio 0.175439)
      (net 7 RESET))
    (pad 1 smd roundrect (at -1.4875 0 315) (size 1.425 1.75) (layers B.Cu B.Paste B.Mask) (roundrect_rratio 0.175439)
      (net 2 UVCC))
    (model ${KISYS3DMOD}/Resistor_SMD.3dshapes/R_1206_3216Metric.wrl
      (at (xyz 0 0 0))
      (scale (xyz 1 1 1))
      (rotate (xyz 0 0 0))
    )
  )

  (module Resistor_SMD:R_1206_3216Metric_Pad1.42x1.75mm_HandSolder (layer B.Cu) (tedit 5B301BBD) (tstamp 5D709B9A)
    (at 71.7568 49.577 180)
    (descr "Resistor SMD 1206 (3216 Metric), square (rectangular) end terminal, IPC_7351 nominal with elongated pad for handsoldering. (Body size source: http://www.tortai-tech.com/upload/download/2011102023233369053.pdf), generated with kicad-footprint-generator")
    (tags "resistor handsolder")
    (path /5D55ACE9)
    (attr smd)
    (fp_text reference R2 (at 0 1.82 180) (layer B.SilkS)
      (effects (font (size 1 1) (thickness 0.15)) (justify mirror))
    )
    (fp_text value R (at 0 -1.82 180) (layer B.Fab)
      (effects (font (size 1 1) (thickness 0.15)) (justify mirror))
    )
    (fp_text user %R (at 0 0 180) (layer B.Fab)
      (effects (font (size 0.8 0.8) (thickness 0.12)) (justify mirror))
    )
    (fp_line (start 2.45 -1.12) (end -2.45 -1.12) (layer B.CrtYd) (width 0.05))
    (fp_line (start 2.45 1.12) (end 2.45 -1.12) (layer B.CrtYd) (width 0.05))
    (fp_line (start -2.45 1.12) (end 2.45 1.12) (layer B.CrtYd) (width 0.05))
    (fp_line (start -2.45 -1.12) (end -2.45 1.12) (layer B.CrtYd) (width 0.05))
    (fp_line (start -0.602064 -0.91) (end 0.602064 -0.91) (layer B.SilkS) (width 0.12))
    (fp_line (start -0.602064 0.91) (end 0.602064 0.91) (layer B.SilkS) (width 0.12))
    (fp_line (start 1.6 -0.8) (end -1.6 -0.8) (layer B.Fab) (width 0.1))
    (fp_line (start 1.6 0.8) (end 1.6 -0.8) (layer B.Fab) (width 0.1))
    (fp_line (start -1.6 0.8) (end 1.6 0.8) (layer B.Fab) (width 0.1))
    (fp_line (start -1.6 -0.8) (end -1.6 0.8) (layer B.Fab) (width 0.1))
    (pad 2 smd roundrect (at 1.4875 0 180) (size 1.425 1.75) (layers B.Cu B.Paste B.Mask) (roundrect_rratio 0.175439)
      (net 5 "Net-(J1-Pad3)"))
    (pad 1 smd roundrect (at -1.4875 0 180) (size 1.425 1.75) (layers B.Cu B.Paste B.Mask) (roundrect_rratio 0.175439)
      (net 8 D+))
    (model ${KISYS3DMOD}/Resistor_SMD.3dshapes/R_1206_3216Metric.wrl
      (at (xyz 0 0 0))
      (scale (xyz 1 1 1))
      (rotate (xyz 0 0 0))
    )
  )

  (module Resistor_SMD:R_1206_3216Metric_Pad1.42x1.75mm_HandSolder (layer B.Cu) (tedit 5B301BBD) (tstamp 5D709BAB)
    (at 71.7568 53.077 180)
    (descr "Resistor SMD 1206 (3216 Metric), square (rectangular) end terminal, IPC_7351 nominal with elongated pad for handsoldering. (Body size source: http://www.tortai-tech.com/upload/download/2011102023233369053.pdf), generated with kicad-footprint-generator")
    (tags "resistor handsolder")
    (path /5D55AD64)
    (attr smd)
    (fp_text reference R3 (at 0 1.82 180) (layer B.SilkS)
      (effects (font (size 1 1) (thickness 0.15)) (justify mirror))
    )
    (fp_text value R (at 0 -1.82 180) (layer B.Fab)
